0.000000
0.000010
0.000049
0.000138
0.000295
0.000542
0.000896
0.001379
0.002009
0.002807
0.003792
0.004984
0.006402
0.008067
0.009998
0.012214
0.014735
0.017582
0.020773
0.024329
0.028269
0.032613
0.037380
0.042591
0.048264
0.054421
0.061079
0.068260
0.075982
0.084266
0.093131
0.102597
0.112683
0.123409
0.134796
0.146862
0.159627
0.173112
0.187335
0.202317
0.218077
0.234634
0.252010
0.270222
0.289291
0.309237
0.330080
0.351838
0.374532
0.398182
0.422807
0.448426
0.475060
0.502729
0.531451
0.561247
0.592136
0.624139
0.657274
0.691561
0.727021
0.763672
0.801535
0.840630
0.880975
0.922591
0.965497
1.009713
1.055259
1.102154
1.150419
1.200072
1.251134
1.303624
1.357562
1.412968
1.469861
1.528261
1.588187
1.649661
1.712700
1.777325
1.843556
1.911412
1.980913
2.052078
2.124928
2.199482
2.275759
2.353781
2.433565
2.515132
2.598501
2.683693
2.770727
2.859622
2.950399
3.043076
3.137675
3.234213
3.332712
3.433191
3.535669
3.640167
3.746703
3.855298
3.965972
4.078743
4.193632
4.310659
4.429842
4.551203
4.674760
4.800534
4.928543
5.058808
5.191348
5.326183
5.463333
5.602818
5.744656
5.888868
6.035474
6.184494
6.335946
6.489850
6.646227
6.805096
6.966476
7.130389
7.296852
7.465886
7.637511
7.811746
7.988610
8.168124
8.350307
8.535180
8.722761
8.913071
9.106129
9.301954
9.500567
9.701988
9.906236
10.113330
10.323290
10.536137
10.751889
10.970567
11.192189
11.416777
11.644349
11.874926
12.108526
12.345170
12.584877
12.827667
13.073560
13.322575
13.574732
13.830051
14.088552
14.350254
14.615177
14.883341
15.154764
15.429468
15.707472
15.988794
16.273457
16.561478
16.852877
17.147675
17.445890
17.747543
18.052654
18.361242
18.673326
18.988928
19.308065
19.630758
19.957026
20.286888
20.620367
20.957479
21.298246
21.642687
21.990822
22.342670
22.698252
23.057587
23.420692
23.787592
24.158302
24.532845
24.911238
25.293503
25.679659
26.069725
26.463720
26.861666
27.263580
27.669485
28.079399
28.493341
28.911331
29.333389
29.759535
30.189789
30.624168
31.062696
31.505390
31.952271
32.403355
32.858665
33.318222
33.782043
34.250149
34.722561
35.199295
35.680374
36.165817
36.655643
37.149872
37.648521
38.151615
38.659172
39.171207
39.687744
40.208805
40.734406
41.264565
41.799305
42.338646
42.882607
43.431206
43.984463
44.542400
45.105038
45.672390
46.244480
46.821331
47.402958
47.989380
48.580620
49.176697
49.777630
50.383438
50.994141
51.609760
52.230312
52.855820
53.486301
54.121777
54.762264
55.407787
56.058365
56.714012
57.374752
58.040604
58.711590
59.387726
60.069035
60.755531
61.447239
62.144176
62.846367
63.553825
64.266571
64.984627
65.708015
66.436752
67.170853
67.910347
68.655243
69.405571
70.161346
70.922585
71.689308
72.461540
73.239296
74.022598
74.811470
75.605927
76.405983
77.211662
78.022987
78.839973
79.662643
80.491020
81.325119
82.164963
83.010567
83.861954
84.719139
85.582146
86.450996
87.325706
88.206299
89.092789
89.985199
90.883553
91.787865
92.698151
93.614441
94.536743
95.465088
96.399490
97.339966
98.286537
99.239227
100.198059
101.163040
102.134201
103.111557
104.095131
105.084938
106.081001
107.083336
108.091965
109.106911
110.128189
111.155823
112.189827
113.230225
114.277031
115.330269
116.389961
117.456123
118.528778
119.607941
120.693634
121.785881
122.884697
123.990105
125.102119
126.220764
127.346054
128.478012
129.616669
130.762024
131.914108
133.072937
134.238541
135.410919
136.590103
137.776123
138.968979
140.168701
141.375320
142.588837
143.809280
145.036667
146.271011
147.512344
148.760681
150.016037
151.278442
152.547913
153.824463
155.108109
156.398880
157.696793
159.001862
160.314117
161.633575
162.960251
164.294159
165.635330
166.983780
168.339523
169.702591
171.072998
172.450760
173.835907
175.228439
176.628387
178.035782
179.450623
180.872955
182.302780
183.740112
185.184982
186.637405
188.097412
189.565002
191.040207
192.523056
194.013550
195.511719
197.017578
198.531158
200.052460
201.581512
203.118347
204.662964
206.215393
207.775650
209.343765
210.919754
212.503632
214.095413
215.695129
217.302795
218.918427
220.542038
222.173660
223.813309
225.461014
227.116776
228.780624
230.452591
232.132675
233.820908
235.517303
237.221893
238.934677
240.655685
242.384949
244.122467
245.868271
247.622375
249.384811
251.155594
252.934738
254.722260
256.518188
258.322540
260.135315
261.956573
263.786285
265.624512
267.471252
269.326538
271.190399
273.062836
274.943848
276.833496
278.731781
280.638733
282.554352
284.478668
286.411713
288.353485
290.304016
292.263306
294.231415
296.208344
298.194092
300.188690
302.192169
304.204529
306.225830
308.256042
310.295227
312.343384
314.400513
316.466675
318.541870
320.626099
322.719421
324.821808
326.933319
329.053955
331.183746
333.322723
335.470886
337.628265
339.794861
341.970703
344.155823
346.350220
348.553925
350.766968
352.989349
355.221100
357.462250
359.712799
361.972778
364.242188
366.521057
368.809418
371.107300
373.414703
375.731659
378.058167
380.394257
382.739960
385.095276
387.460236
389.834869
392.219177
394.613190
397.016907
399.430389
401.853607
404.286621
406.729431
409.182068
411.644531
414.116852
416.599060
419.091187
421.593231
424.105194
426.627136
429.159027
431.700928
434.252838
436.814789
439.386810
441.968903
444.561096
447.163391
449.775818
452.398407
455.031189
457.674164
460.327332
462.990753
465.664429
468.348358
471.042603
473.747162
476.462036
479.187256
481.922852
484.668854
487.425262
490.192108
492.969391
495.757141
498.555389
501.364136
504.183411
507.013245
509.853638
512.704651
515.566223
518.438477
521.321350
524.214905
527.119141
530.034058
532.959717
535.896118
538.843323
541.801270
544.770020
547.749634
550.740051
553.741333
556.753540
559.776611
562.810608
565.855591
568.911499
571.978394
575.056274
578.145203
581.245178
584.356201
587.478333
590.611572
593.755920
596.911377
600.078003
603.255798
606.444824
609.645081
612.856567
616.079285
619.313293
622.558594
625.815186
629.083130
632.362427
635.653137
638.955200
642.268677
645.593628
648.929993
652.277893
655.637268
659.008179
662.390564
665.784546
669.190063
672.607178
676.035950
679.476318
682.928345
686.392029
689.867432
693.354553
696.853394
700.364014
703.886353
707.420532
710.966492
714.524292
718.093933
721.675415
725.268799
728.874084
732.491333
736.120544
739.761719
743.414856
747.080017
750.757202
754.446411
758.147705
761.861084
765.586548
769.324158
773.073914
776.835815
780.609924
784.396240
788.194763
792.005554
795.828613
799.663940
803.511536
807.371460
811.243713
815.128357
819.025391
822.934814
826.856689
830.790955
834.737671
838.696899
842.668640
846.652893
850.649658
854.658997
858.680908
862.715454
866.762573
870.822327
874.894775
878.979858
883.077637
887.188171
891.311401
895.447388
899.596191
903.757751
907.932129
912.119385
916.319458
920.532410
924.758240
928.997009
933.248718
937.513367
941.791016
946.081604
950.385254
954.701904
959.031616
963.374390
967.730286
972.099243
976.481323
980.876587
985.285034
989.706665
994.141479
998.589539
1003.050842
1007.525391
1012.013245
1016.514404
1021.028870
1025.556763
1030.098022
1034.652588
1039.220581
1043.802002
1048.396851
1053.005127
1057.626953
1062.262329
1066.911133
1071.573486
1076.249390
1080.938965
1085.642090
1090.358887
1095.089233
1099.833252
1104.590942
1109.362427
1114.147583
1118.946533
1123.759155
1128.585571
1133.425781
1138.279907
1143.147827
1148.029541
1152.925171
1157.834717
1162.758179
1167.695557
1172.646851
1177.612183
1182.591553
1187.584961
1192.592285
1197.613770
1202.649292
1207.698853
1212.762573
1217.840454
1222.932495
1228.038696
1233.159058
1238.293701
1243.442505
1248.605591
1253.782959
1258.974609
1264.180542
1269.400879
1274.635498
1279.884521
1285.147949
1290.425781
1295.718018
1301.024658
1306.345825
1311.681519
1317.031738
1322.396484
1327.775757
1333.169556
1338.578003
1344.000977
1349.438599
1354.890869
1360.357788
1365.839355
1371.335693
1376.846802
1382.372559
1387.913086
1393.468384
1399.038574
1404.623535
1410.223389
1415.838135
1421.467651
1427.112183
1432.771606
1438.445923
1444.135254
1449.839478
1455.558716
1461.292969
1467.042358
1472.806763
1478.586304
1484.380859
1490.190552
1496.015381
1501.855347
1507.710571
1513.580933
1519.466553
1525.367432
1531.283569
1537.214966
1543.161621
1549.123657
1555.100952
1561.093628
1567.101685
1573.125122
1579.163940
1585.218262
1591.287964
1597.373169
1603.473877
1609.590088
1615.721802
1621.869141
1628.031982
1634.210449
1640.404541
1646.614258
1652.839600
1659.080688
1665.337402
1671.609863
1677.898071
1684.202026
1690.521729
1696.857178
1703.208496
1709.575684
1715.958618
1722.357422
1728.772217
1735.202881
1741.649414
1748.111938
1754.590454
1761.084961
1767.595459
1774.121948
1780.664551
1787.223145
1793.797852
1800.388672
1806.995605
1813.618652
1820.257935
1826.913330
1833.584961
1840.272827
1846.976929
1853.697266
1860.433838
1867.186768
1873.956055
1880.741699
1887.543701
1894.362061
1901.196777
1908.047974
1914.915527
1921.799561
1928.700073
1935.617065
1942.550659
1949.500732
1956.467407
1963.450684
1970.450562
1977.467041
1984.500122
1991.549805
1998.616211
2005.699341
2012.799194
2019.915771
2027.049072
2034.199097
2041.365967
2048.549561
2055.750000
2062.967285
2070.201416
2077.452637
2084.720703
2092.005615
2099.307617
2106.626465
2113.962402
2121.315430
2128.685303
2136.072266
2143.476318
2150.897461
2158.335693
2165.791016
2173.263672
2180.753418
2188.260254
2195.784424
2203.325684
2210.884277
2218.460205
2226.053223
2233.663574
2241.291260
2248.936279
2256.598633
2264.278564
2271.975830
2279.690430
2287.422607
2295.172119
2302.939209
2310.723877
2318.525879
2326.345459
2334.182617
2342.037354
2349.909668
2357.799805
2365.707520
2373.632812
2381.575928
2389.536621
2397.515137
2405.511230
2413.525146
2421.556885
2429.606445
2437.673828
2445.759033
2453.862061
2461.982910
2470.121582
2478.278320
2486.452881
2494.645508
2502.855957
2511.084473
2519.331055
2527.595703
2535.878418
2544.179199
2552.498047
2560.834961
2569.189941
2577.563232
2585.954590
2594.364258
2602.791992
2611.238037
2619.702393
2628.185059
2636.686035
2645.205322
2653.742920
2662.298828
2670.873047
2679.465576
2688.076660
2696.706055
2705.354004
2714.020264
2722.705078
2731.408447
2740.130371
2748.870850
2757.629883
2766.407471
2775.203613
2784.018555
2792.852051
2801.704102
2810.574951
2819.464600
2828.372803
2837.299805
2846.245605
2855.210205
2864.193604
2873.195801
2882.216797
2891.256592
2900.315430
2909.393066
2918.489746
2927.605225
2936.739746
2945.893311
2955.065674
2964.257080
2973.467529
2982.697021
2991.945801
3001.213623
3010.500488
3019.806396
3029.131592
3038.476074
3047.839600
3057.222412
3066.624512
3076.045898
3085.486328
3094.946045
3104.425293
3113.923828
3123.441650
3132.978760
3142.535400
3152.111328
3161.706787
3171.321777
3180.956055
3190.609863
3200.283203
3209.976074
3219.688477
3229.420410
3239.172119
3248.943359
3258.734131
3268.544678
3278.375000
